1151.4645792133058
1143.5119155795842
1157.1593349104865
1128.335008500613
1168.4225272183683
1152.0705410473997
1144.315526267484
1144.8069012387577
1163.723508909902
1133.8761895573873
1127.9591201905478
1120.2860837805772
1138.1707795150962
1172.915383952584
1129.050871801543
1122.5723007672984
1128.8842485049483
1149.3762495844733
1144.131584987901
1119.951537271933
1141.320974559893
1143.4887561353416
1149.9154251019932
1174.093118793543
1147.7037114879142
1167.981557603478
1154.0090302598283
1141.2902678304768
1149.6502170850888
1146.3996332651334
1140.465840311333
1141.3966753008872
1173.2980470691161
1166.151960220694
1165.9158022314155
1166.9580408261602
1150.0871211227777
1147.0934124366026
1172.2583666109128
1153.1188820992706
1163.0820959464832
1150.7310218805542
1154.875876219179
1144.1158157272582
1170.5360891472444
1156.7296537380455
1125.9627441506718
1163.1432999692674
1162.6051206470916
1159.6325697593354
1154.2268739305548
1162.6226201786283
1163.658290717252
1166.3562395036117
1149.2364798148842
1171.617452420369
1138.5123348435388
1143.2957345260907
1127.4943508155143
1148.163665299008
1135.9172257682758
1150.183229680233
1136.3380351444926
1139.499499653119
1166.8040703692432
1140.9261468578454
1154.4111143448988
1157.2313151803253
1171.9793476457564
1139.5897259219946
1146.6161246494325
1180.2445945809495
1144.1157106128169
1145.3463244063894
1162.8916138509744
1145.6949323582667
1143.4636692194122
1128.0297574603585
1157.1940397189742
1135.402469094431
1156.9982745974544
1130.7521856364206
1145.9131382157564
1138.2844540896394
1142.8256729789464
1156.8887928508632
1153.4560257386154
1134.5836627941642
1157.0746261233587
1146.4658835202113
1148.9480897609299
1133.9407321998958
1152.612516037292
1141.1187186414404
1140.3385483226023
1170.3917449769249
1133.037497585548
1121.1497082206
1146.310244421874
1135.9679268952596
1145.4884603551181
1132.7393212608206
1141.1273469443336
1154.562988066746
1135.077743515113
1154.7026342364823
1126.329321358229
1170.712734873609
1126.537712952483
1127.793686946915
1154.994398607741
1123.279606895887
1156.6008575967733
1143.925814610337
1145.188817490679
1132.5517216391784
1124.8754876198796
1165.7164113888837
1130.6058042107593
1154.7760946285816
1136.661153645643
1137.139319237212
1160.8410481825847
1151.550298863067
1157.267122566099
1142.983135821728
1153.1487782281931
1133.7710136239452
1136.2227310322385
1121.515260350834
1161.4294933964898
1165.9155254114264
1133.831028465574
1129.622839551616
1149.6972847646766
1136.8763850542603
1136.1041068779991
1161.123600567481
1155.965357149752
1153.397684585033
1153.2553019494362
1171.1953794327912
1156.5484284923848
1162.715401253795
1124.6663716990863
1136.8514349662048
1121.4611687805968
1145.1820470684113
1157.621586559819
1140.8409447171703
1166.6688537538598
1127.2666217888318
1132.6965054079121
1162.760681161077
1175.2397562452493
1164.7062628071756
1163.9113380932627
1128.8433980082273
1132.6011208482723
1180.2513162298796
1179.9356175991454
1158.0407234525942
1139.0176199513871
1144.4357693422517
1177.205130306675
1129.374105449474
1127.5521559092883
1133.7131952507777
1139.111477590115
1164.3782911914288
1150.8121413270578
1146.2803022132819
1161.7054168789325
1162.670543258944
1142.206919729376
1144.0459051222836
1132.3374416245717
1136.8993074355046
1165.68171173108
1136.565533864162
1143.7143931677842
1166.4186335198924
1153.6114827270574
1154.0244460177362
1159.7659908041057
1164.3395292572363
1137.62843078793
1161.7577196682428
1127.1311439274004
1159.9264359885237
1176.8046595522503
1122.3503337840868
1162.1057671662556
1133.7896055507208
1165.387648704713
1160.2602309110196
1141.6975086631726
1164.9220363880638
1169.541686168647
1158.3915657638427
1169.6760093078972
1164.5852766587404
1143.6419544719859
1162.0670536850475
1120.1429364835617
1168.8056018069756
1179.4992752161322
1158.7345631112744
1147.2495696993258
1140.141138330228
1142.1903430208256
1161.102651917866
1136.507017125064
1149.27916330067
1159.914465724524
1136.4206634183088
1145.0607696268296
1162.4481466803843
1153.9752892396943
1148.3792110719194
1146.3300645440986
1171.8570870608148
1128.1202997888165
1167.284132755854
1135.6785284465034
1167.1272442414445
1144.6556614886877
1170.2991789324317
1158.8640537736617
1158.0265558890108
1172.7483525192242
1139.1591876048344
1163.4786619079746
1137.3891725937935
1133.8697063548098
1176.837444573157
1158.262299318127
1170.030569335404
1167.9624099775685
1144.702422861918
1140.349829198187
1168.833916716481
1126.2581044169165
1157.4721616240952
1174.3574378795754
1137.8488133361511
1146.797539521569
1151.8596376525136
1138.381775366629
1169.5239169813303
1143.1436235587696
1156.319625886442
1135.9587113171058
1149.1370441659933
1163.1378672140634
1156.2686376910963
1142.5244922731865
1156.5691124406078
1177.6650102696071
1137.0518521286124
1149.364952677386
1150.4365625703333
1161.9380119453347
1131.756966298327
1154.1287106600562
1151.0091441280472
1163.498635674064
1164.9310532972572
1133.5883174376008
1173.0028321539241
1145.9566315754805
1169.6311335846256
1170.673956217405
1156.9054562178871
1136.4556455818479
1143.718952893437
1154.2409719588525
1120.199535202358
1145.4392183697244
1155.0679476622215
1137.9033923607644
1161.600444884445
1145.2590045110046
1165.7981694242528
1153.956096435887
1135.1893270293635
1124.9196970518024
1153.529927214427
1153.7053999169855
1125.0806318971897
1140.2484398266886
1146.195085367487
1151.4222534741225
1130.9671460859306
1147.0087045796288
1145.4061936603816
1155.5966678838336
1130.4182692395655
1136.1455431145682
1177.0436456825023
1169.7376656129434
1132.3095321304338
1164.2563780364355
1132.5951819625543
1139.6975887963488
1173.3566638368848
1143.9958657202012
1155.7435075539138
1136.1769564466722
1152.3995336949586
1175.3696839391648
1171.7501484733714
1176.9419012480255
1123.9493422401727
1168.5553805459679
1135.0759226786372
1167.1556515953546
1156.314415843046
1142.6611370695919
1143.4480806254755
1146.2110931310128
1166.0848851513308
1131.5698782049155
1136.42261082364
1152.2734824018305
1163.4486333308732
1131.5559768284534
1128.9821949249397
1138.5743831923312
1175.5872109154823
1176.8446480180055
1172.2321737480072
1148.2532380948944
1172.3511992797846
1156.4780758116588
1178.215900943862
1157.3975104486553
1150.1857632623962
1155.9540592061458
1157.4501260643494
1166.705316298414
1147.414495708916
1149.0617701656147
1142.1067107145898
1123.2505027408292
1144.979115464034
1157.2721889593695
1169.5766441353846
1167.4219809398035
1152.3686574887745
1139.1986184026657
1164.9326070445252
1153.0538887135147
1143.1043466787587
1162.841251329167
1123.9887641645914
1176.045222973288
1149.6285454548472
1129.329792433312
1158.8631068725
1127.4184055220799
1160.6120234704294
1158.626350402813
1140.6782010606867
1141.755138474991
1135.1427966957356
1172.8514535937716
1140.5754594859627
1158.9412078020332
1158.3562097963488
1158.071033672936
1162.6976313542489
1130.598431570038
1127.5295762006624
1155.716015309925
1178.0743630182574
1150.6297187364833
1134.427027142205
1141.204795391876
1142.60090114854
1137.085556071123
1164.946421780846
1124.6277246945176
1128.1604246222723
1166.0373760606262
1154.5722429327134
1118.3247929219935
1176.8360841558126
1162.4975257463946
1176.1304248204892
1128.5195203971364
1143.2129375581403
1165.2757209090594
1139.6438451336467
1167.2069584625797
1128.8202387088488
1149.4912762288927
1153.1585929660757
1145.3809943321319
1168.5603236089944
1177.183925434148
1180.0373330973387
1139.145139674569
1131.812455338966
1125.5043013890463
1150.950714801828
1147.7000760149053
1168.2754934791012
1161.5901877353372
1133.9634126390927
1151.0839557611494
1148.8786892442397
1127.4140558886645
1143.7567950257433
1152.2543595884465
1148.5860005522077
1172.3510499619076
1152.5308174388833
1157.7692439444922
1148.549384870352
1133.334891659393
1133.9193221465364
1120.0112098439042
1173.5980127521732
1146.749204700524
1166.0893038436436
1172.2191247155533
1145.959655648441
1140.2848004049933
1137.7969476702965
1139.445649382965
1146.1431185653726
1131.9875556090772
1141.77255621946
1140.6239119922755
1162.8167040519656
1174.394107756018
1132.5465853250046
1165.178786994017
1161.5886266604332
1160.5232633490264
1165.0240326398598
1140.505380684616
1147.5261494970314
1150.6886646248256
1147.5315946291291
1169.8960657974103
1151.3214998075712
1159.9079876891194
1146.1726094119495
1131.5983436738704
1146.3654051739218
1137.5091335518916
1130.1937305023018
1131.0571695496299
1148.192626576162
1148.8831014392963
1149.4710680445387
1146.3450548441658
1140.6704364644318
1141.0811300272283
1187.4626663559482
1149.5212643433238
1156.2487038234115
1145.4111667097263
1155.120165553814
1161.300241908382
1137.9824950372617
1148.8516898297892
1151.821635480356
1153.9609046054081
1146.9780011769608
1140.4552727923844
1161.6726863489348
1130.5718585627737
1176.6651638632
1127.1042307558316
1146.717850741707
1143.8588848855204
1155.9122593241764
1157.6356252961655
1160.585145814112
1162.9030191239563
1134.5328306111728
1142.220881238891
1162.2647967954026
1137.4155231337363
1152.8851031311021
1161.9442080244144
1133.7421266160084
1142.5112406935082
1139.5311251016733
1156.4199317217356
1134.6552902650487
1150.2590927946667
1165.209258119793
1172.0950947537683
1156.4925005275027
1147.982760521519
1152.2446503479123
1138.1284738622
1160.8616059761523
1153.28504414419
1130.5531317201064
1127.7736017470297
1124.4365149002167
1122.9825025126622
1143.6522840647924
1118.3851621525068
1173.828105285632
1169.952444988311
1136.2211438248028
1111.8728551192119
1149.2533746425486
1173.7016426349403
1150.9186803849307
1143.859898393621
1171.212366277766
1131.9416818413367
1135.2613981754982
1143.9443442345005
1149.8119381990953
1131.4154062667326
1151.6645656454464
1170.4878827170226
1188.4590800791264
1170.162294053631
1149.5277400713296
1173.6767129746702
1178.375417261196
1163.8737027131883
1156.864772573396
1157.3736698110363
1160.9982968471672
1148.1582253348477
1149.5443786282679
1144.2112154368901
1151.8713396581625
1151.7481280603681
1138.1479527289216
1147.4673047146143
1131.8524176854694
1122.7600679274249
1150.9083418700006
1142.4952041041943
1140.161461109605
1175.7118667469103
1139.709025841899
1142.0952067585401
1179.20585966997
1158.6730320348909
1134.3320938051295
1122.8622043833852
1153.1109976443884
1144.6192199289117
1134.0750578569625
1167.7302776591448
1170.9980166636649
1161.8900597737236
1138.029614183343
1149.8014593752143
1137.8966172934104
1169.3948499786334
1125.7838039143278
1147.890490617475
1140.2997952117098
1169.6700043920807
1167.6732101866892
1155.7785985622183
1152.2265516721716
1155.8937936135435
1154.6616020104839
1172.7141667012725
1132.8688509564524
1124.4109601319162
1166.624184211316
1138.9496276903724
1153.0318239860737
1154.6509480857083
1130.2505349305427
1165.7589173770648
1127.2736135678015
1130.7658671229328
1129.070836767421
1146.016780373987
1173.2556967181426
1162.5259604986368
1177.63760233865
1131.2064568040325
1147.873124414885
1150.8683928796352
1153.3587888791378
1137.1601969221726
1127.4728481695136
1131.0625944879469
1131.1974719077841
1168.4318253839735
1129.6719718389409
1165.9281210937002
1151.106097447956
1160.4088205848607
1151.4006252067356
1180.7605003705312
1161.1282899092735
1149.712195204402
1164.280772437404
1175.8848716843884
1157.1240449236097
1172.021444791206
1136.5298396152457
1141.9476479410982
1149.4387929259158
1140.7324074738194
1150.7109152318646
1136.8469664124173
1137.6327784263447
1158.054384473474
1124.7229080396503
1151.1849155029415
1170.9961432106056
1147.1849800520536
1174.0216679253017
1153.1561453430343
1158.013280886993
1159.9087737894488
1129.7438702955576
1162.5666803498257
1143.487846267231
1150.238366091043
1172.7780263909199
1136.519050524522
1158.2050807885676
1150.4690143781174
1131.4819481233376
1143.2954621145286
1161.513315153234
1148.8517545431714
1167.6392904102722
1151.8596509708568
1166.7924953115544
1115.8067781300274
1158.478671268751
1125.0565404329461
1131.220542150952
1144.9685150648315
1149.7834069386254
1170.8185321185633
1139.920185036543
1158.346237296152
1152.5359525058761
1162.521223011255
1145.842087298667
1170.1422895176188
1157.8577389332445
1143.4840369657663
1151.625245620056
1150.7047931365855
1135.2105237342928
1177.967555551782
1125.1637742491348
1154.730081233179
1129.207650406907
1136.214304901079
1150.5672884009107
1143.063673113618
1171.08435477234
1149.1669001427153
1167.188064322743
1156.8161505876913
1153.0979715018386
1124.5605306395457
1135.346583727157
1149.4074078414162
1122.6443690273545
1155.5412328676716
1175.6218138404315
1127.5837823365757
1161.207244980353
1152.576494786421
1154.1152064409491
1118.044582026046
1175.4474809347619
1145.7728963630877
1131.5129553068657
1139.7915266926918
1182.5415841881572
1154.9188690746848
1172.6338184540657
1152.9364673593884
1139.790046512614
1130.3758735566662
1158.5866799375756
1171.14836916171
1161.8366261297563
1140.7112989020459
1142.0299522252533
1156.480704523554
1152.8482379201864
1139.7968190522881
1148.042252958624
1171.4768034401002
1121.5408189630791
1155.0535425263572
1152.6277703985734
1161.4726820446976
1130.4216021662303
1136.607041822047
1143.9778502815973
1135.8744920733782
1169.8704460055965
1134.2129692588373
1146.6649806963353
1173.0368913592936
1155.4964193262722
1149.0448778146383
1131.9058644698612
1141.4912395054712
1150.9136728101437
1163.5130434042612
1129.5207510789953
1169.7070949042973
1179.772283262405
1163.1791152929825
1152.4502766510338
1170.9670277436987
1138.110498895128
1134.6636501868143
1159.3037673535944
1149.846959610323
1143.379006157708
1166.371142611316
1138.630569985175
1144.523754598637
1166.9809593366156
1133.139272419192
1130.5098024102635
1133.4440962489027
1165.8527930866821
1122.3328643868913
1147.30819185141
1143.5091288312524
1136.5288110384931
1178.1088737890827
1124.268022369472
1147.7374090497517
1155.594872171397
1168.6236369120638
1155.2282808201685
1143.509380131387
1149.3232358557339
1136.8794980884409
1164.8530014676135
1144.2003126408117
1137.3184982837558
1150.0902057444275
1169.9030173421475
1137.1210830725747
1127.5618901900502
1167.0214925285077
1150.4594464024112
1118.7420699461084
1139.7999771223242
1141.9946848978711
1154.4157784092786
1142.3854012488077
1162.9768580759182
1151.2413014071951
1139.1088067845465
1149.5156379029872
1129.9100444142975
1149.7907488648782
1141.5309230992627
1120.3889575268004
1160.6698385476668
1130.692737459306
1164.9019901855283
1133.5386341504018
1133.761020280838
1139.8874968035286
1133.6447711305261
1132.8355107292848
1158.6085921796387
1123.007634693153
1145.1374101157935
1141.7093457037029
1145.518870524008
1165.1251302801472
1160.7328864391202
1183.248371376148
1137.9564268494362
1154.3901621657133
1143.3718222462298
1132.7563580652359
1161.0405271241407
1139.7849967797176
1126.9229685322737
1127.4652736834912
1143.6275467512173
1161.055903077594
1148.144081033499
1169.9846929769615
1141.8822853621152
1171.4586572070637
1157.4450756687097
1151.8383904678437
1126.1781415272976
1158.3648250027034
1161.1685755839674
1169.7826959008544
1139.2265177049642
1149.2791814575335
1143.6251479474538
1138.6227017442598
1145.85781796378
1164.6766345978547
1131.5892280972905
1172.9040510124946
1148.484309020625
1148.0425693476807
1162.210341256113
1157.4823636418273
1150.0006047771458
1127.3591936597725
1142.216508059138
1165.6815216897273
1158.9812981710636
1153.4462803342292
1161.4200623514764
1145.37726253238
1166.1589406093149
1157.3402493985247
1155.5505509571326
1173.1310908220887
1165.4753379125318
1143.3901979386378
1130.5947018606937
1164.2535083918422
1173.488355004565
1135.638153286841
1166.6641991613774
1164.3612370455398
1151.3882022405348
1135.7174746737144
1186.9239821819326
1141.2113612311052
1156.0407245333754
1161.4298254090004
1151.8774318711867
1155.8175037838441
1172.8881636827334
1150.9276025474494
1159.5014896652283
1146.953674123715
1164.5382630873485
1151.420667586248
1134.4467363705555
1156.6873015865842
1134.1588552226629
1149.5621609232446
1175.078837022298
1125.3635968802366
1158.7171325265115
1139.0356876856245
1163.2730821692896
1166.9191304268259
1154.900905445902
1135.0335107024168
1146.7551623713377
1150.5498073457957
1130.2882303085034
1141.2810470035072
1142.2622867797022
1130.7535793749878
1144.38418078946
1152.2641285667025
1144.460487334493
1145.1825792660459
1143.3638669573754
1137.7471674787575
1138.7989057434804
1137.1887915190975
1169.904337633249
1144.7646059855483
1157.11414852217
1160.9794777568106
1140.554542134753
1164.560121348448
1132.7788029675605
1136.0473968165975
1145.807777038711
1144.2950713528687
1167.9408268911634
1152.5809126826807
1129.6128671566996
1155.3888082936976
1156.2030804624005
1167.5820271988032
1148.7040219942398
1141.568056777803
1133.9764127440287
1129.7493919458843
1152.6011309076146
1157.348655908687
1145.3271162518624
1146.7728183560052
1164.4962057006214
1139.7087213920508
1116.9022684463685
1167.8991206446192
1135.9903285118523
1138.3135849224184
1172.5535062792794
1144.1608155883935
1136.3925959032654
1155.0461569238014
1140.0494188561495
1131.7376108191975
1161.3120095224735
1155.321108865567
1145.6407668540246
1151.3493573411508
1170.2460949577185
1156.743112315604
1165.5780014213924
1142.824526198151
1126.133930630077
1146.3255005712783
1165.621279380814
1153.888748686316
1147.8486294265886
1160.6973888070308
1132.3247556723015
1159.785513931008
1181.458541596039
1129.7820544682081
1164.2320740068803
1151.1809208008522
1152.9274898221315
1135.2818252575512
1178.0036333143014
1142.0793067253414
1149.2551261621315
1164.5542989802584
1153.9848001896619
1179.511369779523
1141.4732453648483
1185.5951877901716
1132.759655456094
1147.1889756180428
1154.0479919248342
1155.2213429247895
1144.3079384881635
1156.5041509645264
1148.8555321483875
1155.224656172969
1143.9300722444939
1125.9201707720492
1164.8906474892249
1167.2623447929552
1126.2495323236326
1138.9358817655889
1169.087255635545
1140.787332047519
1154.5615104054255
1130.1140551847818
1161.6607939648927
1158.2564097978213
1143.0240318462781
1117.3965991519776
1150.4711634774214
1156.4391652747408
1146.1611764980044
1178.4348199138801
1163.3756569488387
1139.7946672351818
1163.046050445588
1133.4781982577606
1149.7614332266687
1168.3511278191559
1144.1950685512682
1151.884493234434
1177.8581664858991
1167.442838675267
1173.4521202018166
1147.6531353156593
1156.534166186201
1176.3911010866066
1152.6407275381118
1157.2823293604436
1130.8216414524186
1157.8644500645119
1152.2946806156522
1152.878460387511
1148.7392867025133
1175.169110684315
1168.6738513091884
1150.5391518982192
1131.8033983720184
1143.0039713834317
1123.7453455427335
1142.5151683030076
1145.1339101655033
1127.808535976689
1135.2230456985747
1120.4870129981887
1150.3228600015284
1150.7062077525163
1155.4559486831092
1149.7670781518245
1129.0735408355345
1180.3158051207895
1138.8261343920215
1168.8400469842184
1131.4308470432645
1144.539245242915
1158.2199884556937
1130.9724559237054
1143.4845304865726
1138.7104973763412
1180.1329234893599
1163.7801754035452
1144.7131457985517
1174.9461947433506
1142.9592948241898
1169.7461424510968
1127.0246871972222
1136.4532257228939
1152.547449397429
1152.0177528478632
1147.891014022923
1159.4824866811266
1168.80787604792
1170.6386389925467
1170.8370358887273
1168.6587513837912
1125.255646784797
1132.7076500136625
1161.2123969282788
1153.3904898956996
1141.3226485505813
1134.591981726593
1147.2437988500556
1169.1604250813307
1163.160068839606
1153.8103099126424
1146.5761527019793
1148.6243570438562
1173.426950743987
1129.2830872209684
1154.0456223816054
1160.0901891866624
1133.341601801912
1143.6552742286271
1134.1696070426551
1168.3367437985191
1135.6791835781921
1126.1335568991608
1150.0716653840743
1154.1765212034115
1136.7921322284428
1159.9899503387123
1147.9071785992
1184.9698801842815
1161.7375472565143
1158.7684904306718
1170.5910949425236
1160.1048450098854
1162.856646282562
1147.017697254676
1153.3693835763193
1121.2568574216245
1143.071920798859
1148.9532252419342
1140.651045819216
1146.5633947887602
1179.5350998988497
1139.2121562765308
1138.5670230398746
1162.5931198332166
1180.4523842288236
1134.5340323465687
1168.2338455035388
1163.9956909209234
1167.8785763906044
1135.4475422790506
1173.872668755568
1166.4918763479268
1143.7611950761636
1132.3099729099297
1178.0006479575197
1141.2822085805387
1128.3808935254692
1136.4252571190832
1126.437506342156
1143.751520929931
1155.0811578144624
1140.8943517542284
1133.5963565766906
1153.3310959073935
1166.0253568395462
1143.3801287267604
1142.3563959238263
1164.7961236328188
1134.1421363831244
1165.551809016374
1152.5493570353865
1160.5557750932917
1159.3392939991502
1137.098379228505
1144.9477427335682
1136.3094864296982
1144.8355399088848
1139.6081780719194
1145.499099377668
1165.679544566563
1148.1891713460604
1140.625694338496
1168.489721989475
1158.8788484187614
1137.5278915008682
1168.7471477616343
1168.4455237853542
1135.852598447982
1141.3111597011987
1148.8602649340567
1142.2244159587876
1155.1579091590581
1154.5127968240924
1133.4060394344494
1113.7919857598804
1133.7828799256188
1161.1594837737293
1161.906878554281
1158.716821512494
1139.239577954429
1155.8561817233278
1172.1363335026547
1172.6205628474245
1154.0312625632957
1157.2073707935574
1133.5308218783036
1178.2559504938179
1144.6927997944788
1176.8622004147521
1170.2072088972222
1141.7890426613803
1155.3561060484874
1165.1761257353605
1140.0618133749497
1128.3420002326
1148.2604206682734
1149.0609608044037
1127.8749765527393
1144.6552070337164
1144.9177765405607
1143.7295367654226
1137.6804624909228
1177.6122367316702
1144.825718547916
1136.7536966153987
1160.4404313940074
1177.4363772634767
1143.7765263213287
1131.115712991835
1133.9633320841504
1154.020803099351
1156.9006166037789
1144.4991240010954
1137.9908283032264
1118.4141915572454
1157.3695683656897
1135.9824397185214
1177.827779081348
1167.661155608981
1163.2269245205337
1148.918607615895
1159.3608175934255
1138.8678226700156
1128.8791861867248
1131.2858794502235
1153.3617790686715
1125.1957240332786
1165.2824114704501
1147.31756918698
1139.10495745884
1147.381596561335
1131.4033333350867
1153.7787513414894
1168.1055558255705
1159.6641591148784
1151.7998046629002
1150.6001347752015
1168.9788378054272
1148.6556693057064
1137.8723717439977
1187.9351019967735
1130.8857585779338
1118.115403572582
1169.8702555837951
1125.662946792537
1121.1435118442516
1148.5458882320047
1154.0875210108422
1129.0688276431633
1167.3215910733638
1160.4348926257032
1141.6896690131057
1173.329108044026
1119.4324919547846
1118.949147829
1154.6898743864963
1165.8024114067773
1133.0273505554367
1153.8307218883815
1127.514209458098
1164.0162146957064
1156.0080110820666
1155.6080761251976
1146.9230796706115
1148.4594016840879
1145.020734077668
1166.8732488738535
1129.026066146649
1161.6822640131243
1140.0439964470645
1121.1930985035328
1169.8911892794908
1153.3390341958236
1145.0583214716987
1145.1709667252576
1141.6754025777116
1149.0506917542873
1138.9004924763508
1133.313296974551
1166.9151683187192
1163.1944302293298
1148.835841839904
1123.5969350869805
1139.9297155108084
1128.6400382661175
1175.5151539963279
1121.2998159940073
1146.6847204747853
1170.4204284553205
1175.2221783504594
1145.5909114396075
1126.9232296866692
1134.0327596174554
1147.850609632633
1140.9473286513708
1123.6871538445364
1141.239826880225
1151.1145722902065
1118.5012618726491
1132.1656394514573
1161.9454620629272
1136.8238707601502
1148.053302904947
1144.2354338621428
1154.7159845194708
1131.8724060514257
1137.8135614077516
1171.3199029850127
1136.2617874460273
1143.478717881187
1142.9049990877554
1163.8022939360742
1136.5411136567284
1142.6752739458564
1179.483204129573
1157.0019432629042
1148.5372265995575
1176.086382537906
1140.338184276344
1171.3304716134016
1174.8521869185686
1171.0513968537578
1128.309741126559
1119.567245577418
1151.6678750824356
1180.409615535191
1160.9984562937225
1166.3657809636693
1141.4855136038188
1165.6186840250664
1130.3180030190272
1179.4517004993636
1160.6876047446378
1156.682937865546
1159.5530685782387
1169.793952448991
1135.922905256387
1161.4018356701124
1149.6662981169168
1136.153465127706
1158.4317945440037
1143.1323438987488
1160.487344893209
1178.3904754026705
1154.9957134074427
1145.6115990508597
1170.6101823164793
1150.7195253951968
1166.2798625966252
1169.6885173241237
1166.9563987651152
1154.0247759699369
1157.0444592485542
1138.0581195333102
1149.507227451557
1141.7901728559868
1152.0586159708362
1138.3630908640375
1182.3883288154793
1180.0834697071073
1126.664784324266
1163.3854369619787
1137.4156450505068
1158.1032677271226
1125.647343055714
1136.422458238309
1148.5327418397537
1183.0232163071892
1171.2481078822832
1169.056011304186
1148.520127532434
1139.8662689529372
1172.46969449295
1150.5478215595701
1151.6393155371827
1135.8576483303432
1140.1682207422432
1182.2142417251675
1166.0489964093272
1139.542055166613
1137.9081885902385
1140.211641030744
1159.2203380070857
1166.366372096696
1123.1007702717673
1156.0376961043264
1161.6339328536915
1153.2404140652113
1160.0643515922332
1134.0041015535674
1137.1665036128625
1133.7164277434842
1156.0338524163385
1137.762692000252
1167.6994533124964
1162.5957437788002
1130.479248702326
1132.7634138478345
1173.220453756879
1136.5809442281768
1146.8949170468127
1161.3348140266144
1165.3596727284585
1150.5138938526163
1132.933130896175
1135.2669751525025
1125.3768685588896
1179.8055325385903
1144.5600584567474
1168.6625050229013
1177.1281214940502
1137.5324540422632
1178.5357345147038
1155.8010234220178
1173.1547116530821
1125.903599277493
1130.1274534972945
1154.2859495872062
1176.6977616894346
1140.7529336213643
1157.9042050016785
1141.0261442176864
1166.928321593957
1147.1790615352124
1157.906105043309
1129.8423010788958
1178.4760360794303
1145.2824794998685
1134.3374939310588
1127.5243227460205
1166.4567236382543
1143.0764836210026
1177.3260731173693
1171.3287345833503
1153.5158062206315
1131.8944278431948
1148.3251374755075
1179.686125564439
1143.051780057882
1133.426145261637
1123.071459954405
1127.232723041467
1131.6289307489635
1161.7049960718357
1140.5885893192765
1158.8087186602213
1160.4672570243833
1175.4668332124436
1139.649435369332
1143.7024751529907
1140.2456458611166
1126.8022580113377
1141.5202677301402
1143.5355856235583
1130.962656000878
1132.638828731888
1173.3053447821092
1156.079715982363
1118.6497339369716
1145.6093539070032
1176.8383348045797
1160.894443827239
1141.5226085947224
1170.826130628653
1154.0557979029707
1148.1683721261063
1155.4172008062908
1130.2102527704872
1171.4864952573357
1152.865462532858
1176.2893260386502
1149.7062977265937
1168.5618614332827
1132.3982775523318
1169.2958768722744
1149.3390113441474
1154.5574414191278
1132.2393303937106
1127.9973263955553
1164.595519438488
1153.7436446276142
1143.8002755254365
1142.6351264987054
1151.8021871209055
1168.7000503807647
1153.668490910083
1153.9850349510239
1152.5264608052303
1148.350084176044
1159.8237389425562
1150.1352571701755
1131.3811126350172
1163.3153660840703
1169.8848774102453
1153.2151757134443
1157.6619142970196
1176.8765561738005
1136.2687377524626
1127.497555758788
1141.1822270192554
1163.4681880573082
1147.012088053542
1139.3098759229995
1132.47744175609
1176.035618221929
1120.3612040504843
1136.114226074561
1150.2479590940284
1157.8084616338576
1163.648096698427
1123.4276533402126
1152.9830578041106
1149.50786736523
1153.2848652532396
1139.5181542339326
1149.6276951246894
1143.7978107270262
1132.1355810897535
1175.5563953386486
1148.461089238307
1160.7461134963312
1156.2186836601688
1178.336391066388
1145.974597835274
1136.662814717673
1133.4061659471413
1134.2320496733344
1133.9164731911853
1159.415554612642
1146.2295319719547
1153.7466264210584
1164.4853944432464
1157.5736125824785
1155.9799719739337
1142.9804855853017
1147.3058584190157
1137.1762643808042
1156.2304322816685
1145.5627659200284
1159.7226783916826
1153.539483005336
1163.98191333988
1131.899199709956
1165.4953019486454
1156.0494699378214
1127.4989159734096
1149.8850134482032
1120.7126979873658
1151.0982524281783
1176.8880213749203
1170.7679583946242
1149.0852683543194
1157.9147092900607
1130.5431684937628
1144.7538728725483
1154.3159475264567
1150.4649776772742
1157.4573620284937
1136.4300022537286
1174.5350565962206
1164.9534817422077
1157.9488141195181
1141.5535598218132
1158.0511810314429
1147.46509164466
1146.9075646467652
1151.629278855728
1148.4361215822842
1140.0487298166365
1146.3133636689606
1123.8834217171623
1163.695350796211
1147.242144287494
1178.0867224054039
1124.1307047938474
1132.0300865734187
1136.4141069391337
1161.4893202055687
1153.308079441876
1139.9452568932586
1149.4067122833728
1139.0492392881144
1165.0538603560817
1133.9898989570272
1172.1894907058895
1147.6378588120317
1150.1278104637238
1156.9804112736974
1150.6735156537543
1129.1591774058631
1172.6409552918083
1148.845166002964
1137.088348991518
1154.5859928931015
1150.1086168443087
1143.8534989388625
1153.2993797812023
1136.8357969420042
1151.9337869017493
1163.9934936129537
1176.9560418509395
1165.9743988122857
1128.5938521158105
1124.8229273125496
1123.411440366472
1124.2985015298125
1162.157098267951
1172.3854175733852
1168.6317781392497
1135.4453628216945
1158.5239151761584
1143.1655501395533
1166.795324938028
1139.3639577181996
1178.4317544224007
1156.4620203697568
1125.235027935001
1135.7424371050804
1136.7876361663773
1151.1811268700837
1139.2416160729265
1144.6351218667874
1142.5989564177776
1144.9587980513002
1127.324836903184
1140.7569963132742
1124.339935495924
1159.0480952500716
1149.1277705312264
1151.783851393329
1151.5097986027506
1174.6788360381092
1143.5232364823717
1145.749116828781
1143.283636388002
1152.773503606851
1173.188459056481
1142.2204941884243
1121.01027083017
1149.6255029420179
1156.1360313251325
1166.1773232150172
1135.5779403368442
1152.67989776216
1149.0197577144959
1155.9196996432077
1158.7821508223217
1158.6228023606373
1171.3667584807765
1142.0570583273866
1174.4822171491394
1170.1112245044503
1150.1706370369116
1152.2758737701283
1136.1240945867696
1145.9763476898768
1130.112115967267
1140.8039883192248
1186.6895320649653
1158.914808045659
1162.5894829405072
1149.8868717500159
1160.4761428939928
1137.501254417906
1128.113420727681
1129.971066770015
1143.0721904202383
1152.007842249959
1158.7178470738534
1157.9141613078189
1144.3637886349088
1182.7871527956033
1158.6370987964326
1138.7532131459084
1146.9869680756076
1131.2279839928613
1155.2085971151214
1143.004391977789
1134.1194331645793
1142.9319836822508
1151.9665458230056
1152.852596008381
1151.9356208881404
1152.5504955695774
1135.500829685346
1143.2316912761137
1137.8071612295753
1178.76355020853
1164.1364336720158
1125.9599525452445
1152.0729090992877
1160.8931347524876
1144.0302763265045
1147.7856663660286
1141.3921861782287
1126.3236401044653
1165.840591366984
1137.5631184581252
1134.1677284457655
1138.2056058259113
1170.8556816310384
1146.5500270012026
1143.7421240193103
1133.316920229715
1149.7205558244998
1139.6675988843037
1159.93392033066
1138.1370807346245
1160.2565061096132
1158.2660633724668
1166.5345612913115
1140.8247301503861
1169.7432015913712
1136.7380992797544
1158.4420699323664
1167.5904405422132
1175.481876622949
1148.8114623230222
1126.821095133706
1152.4230036172432
1162.9539682144446
1143.9238935408591
1177.3739934422354
1178.9613450252803
1158.5195592930656
1161.9966568603245
1154.403760436229
1161.9395652006328
1145.2808534783292
1117.7317313464046
1135.0425128387346
1158.390558043298
1132.9301253743793
1155.5227641717283
1142.949547383607
1181.2435014633038
1152.1998734167855
1123.7242277353464
1178.2206447491508
1177.969768121781
1142.7682041788098
1152.477331914711
1145.5433162239672
1134.7783076770718
1144.6624706466896
1183.8028632921225
1132.7691353484981
1148.3427306254607
1142.575156119367
1179.5886873338509
1167.1971861778861
1155.7715145727827
1160.7429061147973
1173.3372140268862
1164.0967364499331
1141.0513541302696
1153.67705855714
1126.9648939393394
1165.791273986562
1134.8173361405445
1136.3732812832063
1176.6595902964664
1169.2196602583147
1171.4755727043632
1173.1293150226375
1127.3016106988798
1169.0053305562571
1152.1075145665861
1139.3744125779465
1161.8902646873976
1161.1535997783922
1157.7464245753815
1182.485377948384
1172.2452363426112
1154.2530976773835
1147.3089769741784
1140.2741633340609
1154.4493925936586
1123.528642074398
1147.8042687950315
1164.3418620054147
1152.266161024095
1153.4499940439027
1138.664935343245
1148.3238820948507
1152.7567693685014
1125.2529891477302
1180.194645761542
1140.2070149078475
1153.6625330057593
1155.5670852004819
1150.8507416793482
1162.380200979503
1175.8508174119456
1146.3471336232274
1155.060729292535
1174.6958647494669
1143.7026610986502
1156.1806062084383
1155.7144983991507
1176.4772950954844
1163.6562817675074
1130.420289268344
1155.170464307756
1150.1187819646054
1163.898607670251
1158.3374010623654
1158.9793344845573
1181.734996878278
1173.2969051849154
1132.2157309870233
1136.9090911739088
1159.8493614288893
1159.2607244447079
1132.4136199917652
1124.59006654619
1156.5428943125603
1174.1777580994485
1151.7730759853168
1134.203236882618
1144.9556241933888
1145.8664860536287
1141.928141795034
1165.6624363122571
1134.9650144176453
1159.5969655514555
1152.7204490083689
1167.7919279652604
1141.7162133606776
1148.832116661776
1162.8940573556815
1154.6234652859991
1163.049488336144
1162.537508075012
1162.6163520078333
1136.7105774460497
1148.005312386241
1168.6082905314438
1167.2628676688378
1142.9777179541854
1143.0053993216416
1128.1480808271315
1153.2705752750635
1130.6467036713461
1143.7037927236527
1146.0645021113085
1174.685109257449
1166.4145745003286
1135.85902307868
1156.0400964017629
1171.7783245780408
1171.9419704188665
1155.472749058401
1158.9072434270224
1152.1395423550484
1153.7320788794636
1168.609901724445
1157.7816334750596
1155.2525516692106
1168.8517457358955
1164.8425215766435
1188.3283566182604
1171.5354680797805
1153.9280060122474
1134.2638927374514
1133.0380757312112
1171.5364916457247
1146.9664456393873
1162.6832785308943
1173.3744822278
1159.3462139953992
1118.6218961172617
1148.6955484030957
1151.2673831680995
1134.9459208603878
1154.6114571716987
1158.1134786496614
1159.8432134641125
1168.733426717684
1159.1939210948817
1155.3528602482525
1186.1524069866127
1162.7828663043024
1162.1288990362298
1137.846577593254
1145.049496591997
1121.1006362219853
1166.6525700251696
1155.2828113478051
1142.7802511859206
1129.2445777531034
1173.6170187451596
1138.0334072782648
1147.3988454578712
1143.8030496296894
1167.4255869452847
1138.8332513273153
1162.1263798555642
1137.9312755664773
1162.4864608807852
1157.2749439037782
1177.1778738892804
1168.671465785439
1148.6683319816277
1150.7979454851336
1169.3935653761632
1143.9500301686007
1164.0961937780028
1181.130468773971
1157.2979678159718
1174.8252489040979
1156.7933856886955
1155.8511723308445
1145.021907196463
1177.008557693083
1159.9911105083288
1168.6334466285398
1143.9804713585127
1142.0950636839054
1157.1320625531685
1131.5827404173835
1137.8388658628905
1136.736351807716
1144.5004107506556
1126.7443775674326
1159.435339998309
1168.8315687101372
1134.0790504751399
1177.8212177597634
1152.4363807854647
1162.0071663970093
1146.9142748680094
1162.9686342453463
1136.594631601235
1154.078782255586
1149.7374631453274
1148.4155899823063
1157.6345766239053
1156.1060990144754
1132.2897776587959
1139.68701703234
1148.5043039553268
1137.2715974841205
1143.3350074766868
1136.6822118279088
1158.972292324064
1130.2941545491828
1159.8951398296601
1134.9374710401362
1133.6215425086714
1165.4626371392862
1160.6319427631113
1124.0929097074845
1150.9445635504085
1151.577809248241
1133.03765056737
1151.3605901096616
1139.9796647543246
1123.8058404080682
1137.027994682329
1129.2407190599677
1162.3647441826606
1166.7755266591241
1158.7493387222921
1164.211627034421
1150.656856422295
1150.3605484534414
1133.8227121997895
1122.7050206642066
1172.3512202292206
1167.9870689535564
1171.657864108676
1153.4249888642514
1155.1796112018287
1174.784979331944
1161.2760125529346
1171.5585814908493
1177.042633919553
1139.0624976842282
1164.1824812387692
1148.7073670666327
1142.3770655493827
1174.1393399299893
1136.3384487320568
1154.5876144453125
1157.7707829619192
1156.9314926119798
1141.1358766795888
1141.260143186252
1157.6586349551058
1133.053876453356
1152.9046222601546
1159.4950093805178
1138.1564580245306
1141.7420976752912
1116.5439275329811
1156.4591787546667
1147.5894045105895
1144.002043294075
1168.544654665504
1153.6435183086837
1143.7761562553976
1163.9720437156102
1149.2869826441554
1127.0439772754005
1157.7183090717626
1127.399726989282
1145.826190923411
1163.5476813981552
1162.3043788704047
1156.5062918076044
1147.4714844836683
1172.4266443635545
1131.46383002311
1128.0935575795986
1153.1909679131968
1141.8138081465172
1125.1929335296536
1134.9722480532043
1138.2174180371965
1136.2790128386102
1152.9270857460137
1140.3445576775775
1154.718301102936
1178.601305697303
1166.4346423617135
1151.461511348193
1167.1296477978487
1147.4829483729109
1120.759782386657
1141.9780759791486
1161.719577244519
1151.0452609218394
1142.37160816545
1135.8054718737812
1160.4449375637382
1129.4635840512344
1173.046010393105
1151.0925254470746
1152.6692911275818
1162.2163539587468
1133.3725248233586
1168.9006285478893
1144.3242951535033
1119.568645052218
