->                           ->     ->          T / K  6.00000E+02  5.93000E+02  5.94556E+02  5.96111E+02  5.97667E+02  5.99222E+02  6.00778E+02  6.02333E+02  6.03889E+02  6.05444E+02  6.07000E+02
x00204041                    O2      1    1.30000E-02  1.30000E-02  1.30000E-02  1.30000E-02  1.30000E-02  1.30000E-02  1.30000E-02  1.30000E-02  1.30000E-02  1.30000E-02  1.30000E-02  1.30000E-02
->                           ->     ->          T / K  7.00000E+02  6.93000E+02  6.94556E+02  6.96111E+02  6.97667E+02  6.99222E+02  7.00778E+02  7.02333E+02  7.03889E+02  7.05444E+02  7.07000E+02
x00204041                    O2      2    1.29600E-02  1.30000E-02  1.30000E-02  1.30000E-02  1.30000E-02  1.30000E-02  1.30000E-02  1.30000E-02  1.30000E-02  1.30000E-02  1.30000E-02  1.30000E-02
->                           ->     ->          T / K  8.00000E+02  7.93000E+02  7.94556E+02  7.96111E+02  7.97667E+02  7.99222E+02  8.00778E+02  8.02333E+02  8.03889E+02  8.05444E+02  8.07000E+02
x00204041                    O2      3    1.06560E-02  1.20938E-02  1.23452E-02  1.22919E-02  1.22371E-02  1.21809E-02  1.21232E-02  1.20642E-02  1.20039E-02  1.19424E-02  1.18797E-02  1.18161E-02
->                           ->     ->          T / K  8.50000E+02  8.43000E+02  8.44556E+02  8.46111E+02  8.47667E+02  8.49222E+02  8.50778E+02  8.52333E+02  8.53889E+02  8.55444E+02  8.57000E+02
x00204041                    O2      4    8.54400E-03  9.97321E-03  1.02743E-02  1.02064E-02  1.01390E-02  1.00722E-02  1.00061E-02  9.94053E-03  9.87569E-03  9.81156E-03  9.74817E-03  9.68556E-03
->                           ->     ->          T / K  9.00000E+02  8.93000E+02  8.94556E+02  8.96111E+02  8.97667E+02  8.99222E+02  9.00778E+02  9.02333E+02  9.03889E+02  9.05444E+02  9.07000E+02
x00204041                    O2      5    7.58400E-03  8.33060E-03  8.52114E-03  8.47759E-03  8.43474E-03  8.39258E-03  8.35109E-03  8.31027E-03  8.27010E-03  8.23057E-03  8.19168E-03  8.15342E-03
->                           ->     ->          T / K  9.50000E+02  9.43000E+02  9.44556E+02  9.46111E+02  9.47667E+02  9.49222E+02  9.50778E+02  9.52333E+02  9.53889E+02  9.55444E+02  9.57000E+02
x00204041                    O2      6    7.00800E-03  7.35320E-03  7.45999E-03  7.43523E-03  7.41106E-03  7.38748E-03  7.36448E-03  7.34207E-03  7.32023E-03  7.29896E-03  7.27827E-03  7.25813E-03
->                           ->     ->          T / K  1.00000E+03  9.93000E+02  9.94556E+02  9.96111E+02  9.97667E+02  9.99222E+02  1.00078E+03  1.00233E+03  1.00389E+03  1.00544E+03  1.00700E+03
x00204041                    O2      7    6.72000E-03  6.89680E-03  6.93832E-03  6.92856E-03  6.91911E-03  6.90996E-03  6.90112E-03  6.89257E-03  6.88428E-03  6.87625E-03  6.86848E-03  6.86096E-03
->                           ->     ->          T / K  1.05000E+03  1.04300E+03  1.04456E+03  1.04611E+03  1.04767E+03  1.04922E+03  1.05078E+03  1.05233E+03  1.05389E+03  1.05544E+03  1.05700E+03
x00204041                    O2      8    6.43200E-03  6.72937E-03  6.74522E-03  6.74153E-03  6.73793E-03  6.73444E-03  6.73104E-03  6.72773E-03  6.72451E-03  6.72138E-03  6.71833E-03  6.71536E-03
->                           ->     ->          T / K  1.10000E+03  1.09300E+03  1.09456E+03  1.09611E+03  1.09767E+03  1.09922E+03  1.10078E+03  1.10233E+03  1.10389E+03  1.10544E+03  1.10700E+03
x00204041                    O2      9    6.52800E-03  6.65955E-03  6.66701E-03  6.66529E-03  6.66361E-03  6.66196E-03  6.66034E-03  6.65876E-03  6.65721E-03  6.65569E-03  6.65420E-03  6.65274E-03
->                           ->     ->          T / K  1.15000E+03  1.14300E+03  1.14456E+03  1.14611E+03  1.14767E+03  1.14922E+03  1.15078E+03  1.15233E+03  1.15389E+03  1.15544E+03  1.15700E+03
x00204041                    O2     10    6.52800E-03  6.62349E-03  6.62780E-03  6.62682E-03  6.62585E-03  6.62489E-03  6.62395E-03  6.62303E-03  6.62211E-03  6.62122E-03  6.62033E-03  6.61946E-03
->                           ->     ->          T / K  1.20000E+03  1.19300E+03  1.19456E+03  1.19611E+03  1.19767E+03  1.19922E+03  1.20078E+03  1.20233E+03  1.20389E+03  1.20544E+03  1.20700E+03
x00204041                    O2     11    6.52800E-03  6.60093E-03  6.60378E-03  6.60313E-03  6.60249E-03  6.60187E-03  6.60124E-03  6.60063E-03  6.60002E-03  6.59942E-03  6.59883E-03  6.59824E-03
->                           ->     ->          T / K  1.25000E+03  1.24300E+03  1.24456E+03  1.24611E+03  1.24767E+03  1.24922E+03  1.25078E+03  1.25233E+03  1.25389E+03  1.25544E+03  1.25700E+03
x00204041                    O2     12    6.52800E-03  6.58542E-03  6.58747E-03  6.58700E-03  6.58655E-03  6.58609E-03  6.58564E-03  6.58520E-03  6.58476E-03  6.58432E-03  6.58389E-03  6.58346E-03
->                           ->     ->          T / K  1.30000E+03  1.29300E+03  1.29456E+03  1.29611E+03  1.29767E+03  1.29922E+03  1.30078E+03  1.30233E+03  1.30389E+03  1.30544E+03  1.30700E+03
x00204041                    O2     13    6.43200E-03  6.57369E-03  6.57524E-03  6.57489E-03  6.57454E-03  6.57420E-03  6.57386E-03  6.57352E-03  6.57318E-03  6.57285E-03  6.57252E-03  6.57219E-03
->                           ->     ->          T / K  1.35000E+03  1.34300E+03  1.34456E+03  1.34611E+03  1.34767E+03  1.34922E+03  1.35078E+03  1.35233E+03  1.35389E+03  1.35544E+03  1.35700E+03
x00204041                    O2     14    6.52800E-03  6.56469E-03  6.56594E-03  6.56566E-03  6.56538E-03  6.56510E-03  6.56483E-03  6.56455E-03  6.56428E-03  6.56401E-03  6.56375E-03  6.56348E-03
->                           ->     ->          T / K  6.00000E+02  5.93000E+02  5.94556E+02  5.96111E+02  5.97667E+02  5.99222E+02  6.00778E+02  6.02333E+02  6.03889E+02  6.05444E+02  6.07000E+02
x00204041                    CO      1    4.50000E-03  4.50000E-03  4.50000E-03  4.50000E-03  4.50000E-03  4.50000E-03  4.50000E-03  4.50000E-03  4.50000E-03  4.50000E-03  4.50000E-03  4.50000E-03
->                           ->     ->          T / K  7.00000E+02  6.93000E+02  6.94556E+02  6.96111E+02  6.97667E+02  6.99222E+02  7.00778E+02  7.02333E+02  7.03889E+02  7.05444E+02  7.07000E+02
x00204041                    CO      2    4.47900E-03  4.50000E-03  4.50000E-03  4.50000E-03  4.50000E-03  4.50000E-03  4.50000E-03  4.50000E-03  4.50000E-03  4.50000E-03  4.50000E-03  4.50000E-03
->                           ->     ->          T / K  8.00000E+02  7.93000E+02  7.94556E+02  7.96111E+02  7.97667E+02  7.99222E+02  8.00778E+02  8.02333E+02  8.03889E+02  8.05444E+02  8.07000E+02
x00204041                    CO      3    3.95500E-03  4.34361E-03  4.38536E-03  4.37679E-03  4.36783E-03  4.35847E-03  4.34868E-03  4.33842E-03  4.32767E-03  4.31640E-03  4.30458E-03  4.29217E-03
->                           ->     ->          T / K  8.50000E+02  8.43000E+02  8.44556E+02  8.46111E+02  8.47667E+02  8.49222E+02  8.50778E+02  8.52333E+02  8.53889E+02  8.55444E+02  8.57000E+02
x00204041                    CO      4    2.65700E-03  3.66689E-03  3.81566E-03  3.78404E-03  3.75158E-03  3.71830E-03  3.68422E-03  3.64936E-03  3.61377E-03  3.57746E-03  3.54048E-03  3.50286E-03
->                           ->     ->          T / K  9.00000E+02  8.93000E+02  8.94556E+02  8.96111E+02  8.97667E+02  8.99222E+02  9.00778E+02  9.02333E+02  9.03889E+02  9.05444E+02  9.07000E+02
x00204041                    CO      5    1.70500E-03  2.39633E-03  2.58874E-03  2.54586E-03  2.50302E-03  2.46027E-03  2.41761E-03  2.37507E-03  2.33265E-03  2.29037E-03  2.24826E-03  2.20632E-03
->                           ->     ->          T / K  9.50000E+02  9.43000E+02  9.44556E+02  9.46111E+02  9.47667E+02  9.49222E+02  9.50778E+02  9.52333E+02  9.53889E+02  9.55444E+02  9.57000E+02
x00204041                    CO      6    1.01200E-03  1.21918E-03  1.36315E-03  1.33009E-03  1.29763E-03  1.26578E-03  1.23456E-03  1.20396E-03  1.17401E-03  1.14469E-03  1.11603E-03  1.08801E-03
->                           ->     ->          T / K  1.00000E+03  9.93000E+02  9.94556E+02  9.96111E+02  9.97667E+02  9.99222E+02  1.00078E+03  1.00233E+03  1.00389E+03  1.00544E+03  1.00700E+03
x00204041                    CO      7    6.64000E-04  5.64338E-04  6.26730E-04  6.12111E-04  5.97933E-04  5.84184E-04  5.70851E-04  5.57962E-04  5.45424E-04  5.33266E-04  5.21478E-04  5.10047E-04
->                           ->     ->          T / K  1.05000E+03  1.04300E+03  1.04456E+03  1.04611E+03  1.04767E+03  1.04922E+03  1.05078E+03  1.05233E+03  1.05389E+03  1.05544E+03  1.05700E+03
x00204041                    CO      8    3.59000E-04  3.07943E-04  3.32621E-04  3.26870E-04  3.21276E-04  3.15834E-04  3.10538E-04  3.05384E-04  3.00366E-04  2.95481E-04  2.90724E-04  2.86090E-04
->                           ->     ->          T / K  1.10000E+03  1.09300E+03  1.09456E+03  1.09611E+03  1.09767E+03  1.09922E+03  1.10078E+03  1.10233E+03  1.10389E+03  1.10544E+03  1.10700E+03
x00204041                    CO      9    2.70000E-04  1.99615E-04  2.11234E-04  2.08556E-04  2.05934E-04  2.03366E-04  2.00852E-04  1.98390E-04  1.95978E-04  1.93615E-04  1.91298E-04  1.89029E-04
->                           ->     ->          T / K  1.15000E+03  1.14300E+03  1.14456E+03  1.14611E+03  1.14767E+03  1.14922E+03  1.15078E+03  1.15233E+03  1.15389E+03  1.15544E+03  1.15700E+03
x00204041                    CO     10    2.24000E-04  1.44718E-04  1.51301E-04  1.49796E-04  1.48315E-04  1.46859E-04  1.45426E-04  1.44016E-04  1.42629E-04  1.41263E-04  1.39920E-04  1.38597E-04
->                           ->     ->          T / K  1.20000E+03  1.19300E+03  1.19456E+03  1.19611E+03  1.19767E+03  1.19922E+03  1.20078E+03  1.20233E+03  1.20389E+03  1.20544E+03  1.20700E+03
x00204041                    CO     11    4.80000E-05  1.11667E-04  1.15841E-04  1.14891E-04  1.13954E-04  1.13030E-04  1.12118E-04  1.11219E-04  1.10332E-04  1.09456E-04  1.08593E-04  1.07740E-04
->                           ->     ->          T / K  1.25000E+03  1.24300E+03  1.24456E+03  1.24611E+03  1.24767E+03  1.24922E+03  1.25078E+03  1.25233E+03  1.25389E+03  1.25544E+03  1.25700E+03
x00204041                    CO     12    3.00000E-06  9.04576E-05  9.32795E-05  9.26387E-05  9.20059E-05  9.13808E-05  9.07635E-05  9.01537E-05  8.95514E-05  8.89565E-05  8.83688E-05  8.77883E-05
->                           ->     ->          T / K  1.30000E+03  1.29300E+03  1.29456E+03  1.29611E+03  1.29767E+03  1.29922E+03  1.30078E+03  1.30233E+03  1.30389E+03  1.30544E+03  1.30700E+03
x00204041                    CO     13    0.00000E+00  7.58046E-05  7.77544E-05  7.73119E-05  7.68748E-05  7.64429E-05  7.60161E-05  7.55943E-05  7.51776E-05  7.47659E-05  7.43591E-05  7.39571E-05
->                           ->     ->          T / K  1.35000E+03  1.34300E+03  1.34456E+03  1.34611E+03  1.34767E+03  1.34922E+03  1.35078E+03  1.35233E+03  1.35389E+03  1.35544E+03  1.35700E+03
x00204041                    CO     14    0.00000E+00  6.64862E-05  6.78438E-05  6.75355E-05  6.72310E-05  6.69303E-05  6.66333E-05  6.63400E-05  6.60503E-05  6.57643E-05  6.54818E-05  6.52028E-05
->                           ->     ->          T / K  6.00000E+02  5.93000E+02  5.94556E+02  5.96111E+02  5.97667E+02  5.99222E+02  6.00778E+02  6.02333E+02  6.03889E+02  6.05444E+02  6.07000E+02
x00204041                    H2      1    4.50000E-03  4.50000E-03  4.50000E-03  4.50000E-03  4.50000E-03  4.50000E-03  4.50000E-03  4.50000E-03  4.50000E-03  4.50000E-03  4.50000E-03  4.50000E-03
->                           ->     ->          T / K  7.00000E+02  6.93000E+02  6.94556E+02  6.96111E+02  6.97667E+02  6.99222E+02  7.00778E+02  7.02333E+02  7.03889E+02  7.05444E+02  7.07000E+02
x00204041                    H2      2    4.50000E-03  4.49999E-03  4.50000E-03  4.50000E-03  4.50000E-03  4.49999E-03  4.49999E-03  4.49999E-03  4.49999E-03  4.49999E-03  4.49999E-03  4.49999E-03
->                           ->     ->          T / K  8.00000E+02  7.93000E+02  7.94556E+02  7.96111E+02  7.97667E+02  7.99222E+02  8.00778E+02  8.02333E+02  8.03889E+02  8.05444E+02  8.07000E+02
x00204041                    H2      3    2.22900E-03  3.46929E-03  3.74196E-03  3.68337E-03  3.62354E-03  3.56259E-03  3.50062E-03  3.43773E-03  3.37402E-03  3.30959E-03  3.24455E-03  3.17900E-03
->                           ->     ->          T / K  8.50000E+02  8.43000E+02  8.44556E+02  8.46111E+02  8.47667E+02  8.49222E+02  8.50778E+02  8.52333E+02  8.53889E+02  8.55444E+02  8.57000E+02
x00204041                    H2      4    1.11400E-03  1.54784E-03  1.77797E-03  1.72477E-03  1.67273E-03  1.62188E-03  1.57222E-03  1.52376E-03  1.47651E-03  1.43048E-03  1.38566E-03  1.34205E-03
->                           ->     ->          T / K  9.00000E+02  8.93000E+02  8.94556E+02  8.96111E+02  8.97667E+02  8.99222E+02  9.00778E+02  9.02333E+02  9.03889E+02  9.05444E+02  9.07000E+02
x00204041                    H2      5    8.14000E-04  5.63077E-04  6.53128E-04  6.31990E-04  6.11515E-04  5.91678E-04  5.72460E-04  5.53840E-04  5.35799E-04  5.18317E-04  5.01376E-04  4.84960E-04
->                           ->     ->          T / K  9.50000E+02  9.43000E+02  9.44556E+02  9.46111E+02  9.47667E+02  9.49222E+02  9.50778E+02  9.52333E+02  9.53889E+02  9.55444E+02  9.57000E+02
x00204041                    H2      6    4.71000E-04  1.96056E-04  2.28814E-04  2.21072E-04  2.13601E-04  2.06392E-04  1.99439E-04  1.92734E-04  1.86270E-04  1.80040E-04  1.74037E-04  1.68254E-04
->                           ->     ->          T / K  1.00000E+03  9.93000E+02  9.94556E+02  9.96111E+02  9.97667E+02  9.99222E+02  1.00078E+03  1.00233E+03  1.00389E+03  1.00544E+03  1.00700E+03
x00204041                    H2      7    3.00000E-04  7.37671E-05  8.37154E-05  8.13552E-05  7.90834E-05  7.68963E-05  7.47906E-05  7.27662E-05  7.08131E-05  6.89318E-05  6.71194E-05  6.53730E-05
->                           ->     ->          T / K  1.05000E+03  1.04300E+03  1.04456E+03  1.04611E+03  1.04767E+03  1.04922E+03  1.05078E+03  1.05233E+03  1.05389E+03  1.05544E+03  1.05700E+03
x00204041                    H2      8    2.14000E-04  3.62792E-05  3.96146E-05  3.88320E-05  3.80737E-05  3.73391E-05  3.66270E-05  3.59367E-05  3.52674E-05  3.46183E-05  3.39885E-05  3.33775E-05
->                           ->     ->          T / K  1.10000E+03  1.09300E+03  1.09456E+03  1.09611E+03  1.09767E+03  1.09922E+03  1.10078E+03  1.10233E+03  1.10389E+03  1.10544E+03  1.10700E+03
x00204041                    H2      9    8.60000E-05  2.24496E-05  2.38485E-05  2.35241E-05  2.32076E-05  2.28988E-05  2.25975E-05  2.23035E-05  2.20165E-05  2.17364E-05  2.14628E-05  2.11957E-05
->                           ->     ->          T / K  1.15000E+03  1.14300E+03  1.14456E+03  1.14611E+03  1.14767E+03  1.14922E+03  1.15078E+03  1.15233E+03  1.15389E+03  1.15544E+03  1.15700E+03
x00204041                    H2     10    0.00000E+00  1.62561E-05  1.69585E-05  1.67967E-05  1.66383E-05  1.64831E-05  1.63310E-05  1.61820E-05  1.60360E-05  1.58929E-05  1.57527E-05  1.56152E-05
->                           ->     ->          T / K  1.20000E+03  1.19300E+03  1.19456E+03  1.19611E+03  1.19767E+03  1.19922E+03  1.20078E+03  1.20233E+03  1.20389E+03  1.20544E+03  1.20700E+03
x00204041                    H2     11    0.00000E+00  1.30509E-05  1.34350E-05  1.33468E-05  1.32602E-05  1.31753E-05  1.30920E-05  1.30102E-05  1.29300E-05  1.28513E-05  1.27741E-05  1.26983E-05
->                           ->     ->          T / K  1.25000E+03  1.24300E+03  1.24456E+03  1.24611E+03  1.24767E+03  1.24922E+03  1.25078E+03  1.25233E+03  1.25389E+03  1.25544E+03  1.25700E+03
x00204041                    H2     12    0.00000E+00  1.14023E-05  1.16146E-05  1.15658E-05  1.15179E-05  1.14709E-05  1.14249E-05  1.13798E-05  1.13357E-05  1.12923E-05  1.12499E-05  1.12083E-05
->                           ->     ->          T / K  1.30000E+03  1.29300E+03  1.29456E+03  1.29611E+03  1.29767E+03  1.29922E+03  1.30078E+03  1.30233E+03  1.30389E+03  1.30544E+03  1.30700E+03
x00204041                    H2     13    0.00000E+00  1.05850E-05  1.06914E-05  1.06667E-05  1.06426E-05  1.06191E-05  1.05962E-05  1.05739E-05  1.05522E-05  1.05310E-05  1.05104E-05  1.04904E-05
->                           ->     ->          T / K  1.35000E+03  1.34300E+03  1.34456E+03  1.34611E+03  1.34767E+03  1.34922E+03  1.35078E+03  1.35233E+03  1.35389E+03  1.35544E+03  1.35700E+03
x00204041                    H2     14    0.00000E+00  1.04484E-05  1.04840E-05  1.04754E-05  1.04671E-05  1.04593E-05  1.04519E-05  1.04449E-05  1.04383E-05  1.04322E-05  1.04264E-05  1.04210E-05
->                           ->     ->          T / K  6.00000E+02  5.93000E+02  5.94556E+02  5.96111E+02  5.97667E+02  5.99222E+02  6.00778E+02  6.02333E+02  6.03889E+02  6.05444E+02  6.07000E+02
x00204041                    NO      1    1.00000E-03  9.99936E-04  9.99935E-04  9.99935E-04  9.99935E-04  9.99935E-04  9.99935E-04  9.99936E-04  9.99936E-04  9.99936E-04  9.99936E-04  9.99937E-04
->                           ->     ->          T / K  7.00000E+02  6.93000E+02  6.94556E+02  6.96111E+02  6.97667E+02  6.99222E+02  7.00778E+02  7.02333E+02  7.03889E+02  7.05444E+02  7.07000E+02
x00204041                    NO      2    1.00000E-03  9.99943E-04  9.99946E-04  9.99946E-04  9.99945E-04  9.99944E-04  9.99944E-04  9.99943E-04  9.99942E-04  9.99941E-04  9.99940E-04  9.99938E-04
->                           ->     ->          T / K  8.00000E+02  7.93000E+02  7.94556E+02  7.96111E+02  7.97667E+02  7.99222E+02  8.00778E+02  8.02333E+02  8.03889E+02  8.05444E+02  8.07000E+02
x00204041                    NO      3    9.95000E-04  9.74394E-04  9.76011E-04  9.75572E-04  9.75179E-04  9.74831E-04  9.74529E-04  9.74270E-04  9.74055E-04  9.73880E-04  9.73747E-04  9.73652E-04
->                           ->     ->          T / K  8.50000E+02  8.43000E+02  8.44556E+02  8.46111E+02  8.47667E+02  8.49222E+02  8.50778E+02  8.52333E+02  8.53889E+02  8.55444E+02  8.57000E+02
x00204041                    NO      4    9.95000E-04  9.79696E-04  9.78151E-04  9.78493E-04  9.78837E-04  9.79181E-04  9.79524E-04  9.79866E-04  9.80206E-04  9.80543E-04  9.80875E-04  9.81204E-04
->                           ->     ->          T / K  9.00000E+02  8.93000E+02  8.94556E+02  8.96111E+02  8.97667E+02  8.99222E+02  9.00778E+02  9.02333E+02  9.03889E+02  9.05444E+02  9.07000E+02
x00204041                    NO      5    9.90000E-04  9.86644E-04  9.86272E-04  9.86374E-04  9.86465E-04  9.86545E-04  9.86614E-04  9.86671E-04  9.86717E-04  9.86751E-04  9.86775E-04  9.86788E-04
->                           ->     ->          T / K  9.50000E+02  9.43000E+02  9.44556E+02  9.46111E+02  9.47667E+02  9.49222E+02  9.50778E+02  9.52333E+02  9.53889E+02  9.55444E+02  9.57000E+02
x00204041                    NO      6    9.79000E-04  9.84030E-04  9.84751E-04  9.84596E-04  9.84438E-04  9.84277E-04  9.84113E-04  9.83947E-04  9.83778E-04  9.83607E-04  9.83434E-04  9.83259E-04
->                           ->     ->          T / K  1.00000E+03  9.93000E+02  9.94556E+02  9.96111E+02  9.97667E+02  9.99222E+02  1.00078E+03  1.00233E+03  1.00389E+03  1.00544E+03  1.00700E+03
x00204041                    NO      7    9.79000E-04  9.78352E-04  9.79138E-04  9.78961E-04  9.78785E-04  9.78610E-04  9.78437E-04  9.78266E-04  9.78096E-04  9.77928E-04  9.77761E-04  9.77597E-04
->                           ->     ->          T / K  1.05000E+03  1.04300E+03  1.04456E+03  1.04611E+03  1.04767E+03  1.04922E+03  1.05078E+03  1.05233E+03  1.05389E+03  1.05544E+03  1.05700E+03
x00204041                    NO      8    9.74000E-04  9.74293E-04  9.74711E-04  9.74613E-04  9.74518E-04  9.74426E-04  9.74337E-04  9.74250E-04  9.74167E-04  9.74086E-04  9.74008E-04  9.73933E-04
->                           ->     ->          T / K  1.10000E+03  1.09300E+03  1.09456E+03  1.09611E+03  1.09767E+03  1.09922E+03  1.10078E+03  1.10233E+03  1.10389E+03  1.10544E+03  1.10700E+03
x00204041                    NO      9    9.64000E-04  9.73039E-04  9.73119E-04  9.73099E-04  9.73080E-04  9.73062E-04  9.73046E-04  9.73032E-04  9.73019E-04  9.73007E-04  9.72997E-04  9.72988E-04
->                           ->     ->          T / K  1.15000E+03  1.14300E+03  1.14456E+03  1.14611E+03  1.14767E+03  1.14922E+03  1.15078E+03  1.15233E+03  1.15389E+03  1.15544E+03  1.15700E+03
x00204041                    NO     10    9.53000E-04  9.73442E-04  9.73374E-04  9.73388E-04  9.73403E-04  9.73418E-04  9.73434E-04  9.73451E-04  9.73467E-04  9.73485E-04  9.73503E-04  9.73521E-04
->                           ->     ->          T / K  1.20000E+03  1.19300E+03  1.19456E+03  1.19611E+03  1.19767E+03  1.19922E+03  1.20078E+03  1.20233E+03  1.20389E+03  1.20544E+03  1.20700E+03
x00204041                    NO     11    9.38000E-04  9.74433E-04  9.74313E-04  9.74339E-04  9.74366E-04  9.74393E-04  9.74419E-04  9.74447E-04  9.74474E-04  9.74501E-04  9.74529E-04  9.74556E-04
->                           ->     ->          T / K  1.25000E+03  1.24300E+03  1.24456E+03  1.24611E+03  1.24767E+03  1.24922E+03  1.25078E+03  1.25233E+03  1.25389E+03  1.25544E+03  1.25700E+03
x00204041                    NO     12    9.28000E-04  9.75657E-04  9.75520E-04  9.75550E-04  9.75580E-04  9.75611E-04  9.75641E-04  9.75672E-04  9.75703E-04  9.75733E-04  9.75764E-04  9.75795E-04
->                           ->     ->          T / K  1.30000E+03  1.29300E+03  1.29456E+03  1.29611E+03  1.29767E+03  1.29922E+03  1.30078E+03  1.30233E+03  1.30389E+03  1.30544E+03  1.30700E+03
x00204041                    NO     13    9.38000E-04  9.76888E-04  9.76747E-04  9.76778E-04  9.76809E-04  9.76841E-04  9.76872E-04  9.76903E-04  9.76935E-04  9.76966E-04  9.76997E-04  9.77029E-04
->                           ->     ->          T / K  1.35000E+03  1.34300E+03  1.34456E+03  1.34611E+03  1.34767E+03  1.34922E+03  1.35078E+03  1.35233E+03  1.35389E+03  1.35544E+03  1.35700E+03
x00204041                    NO     14    9.38000E-04  9.78223E-04  9.78083E-04  9.78114E-04  9.78146E-04  9.78177E-04  9.78208E-04  9.78239E-04  9.78270E-04  9.78300E-04  9.78331E-04  9.78362E-04
->                           ->     ->          T / K  6.00000E+02  5.93000E+02  5.94556E+02  5.96111E+02  5.97667E+02  5.99222E+02  6.00778E+02  6.02333E+02  6.03889E+02  6.05444E+02  6.07000E+02
x00204042                    O2      1    1.30000E-02  1.30000E-02  1.30000E-02  1.30000E-02  1.30000E-02  1.30000E-02  1.30000E-02  1.30000E-02  1.30000E-02  1.30000E-02  1.30000E-02  1.30000E-02
->                           ->     ->          T / K  7.00000E+02  6.93000E+02  6.94556E+02  6.96111E+02  6.97667E+02  6.99222E+02  7.00778E+02  7.02333E+02  7.03889E+02  7.05444E+02  7.07000E+02
x00204042                    O2      2    1.28640E-02  1.30000E-02  1.30000E-02  1.30000E-02  1.30000E-02  1.30000E-02  1.30000E-02  1.30000E-02  1.30000E-02  1.30000E-02  1.30000E-02  1.30000E-02
->                           ->     ->          T / K  8.00000E+02  7.93000E+02  7.94556E+02  7.96111E+02  7.97667E+02  7.99222E+02  8.00778E+02  8.02333E+02  8.03889E+02  8.05444E+02  8.07000E+02
x00204042                    O2      3    1.06560E-02  1.20567E-02  1.23154E-02  1.22603E-02  1.22037E-02  1.21459E-02  1.20867E-02  1.20264E-02  1.19649E-02  1.19025E-02  1.18390E-02  1.17747E-02
->                           ->     ->          T / K  8.50000E+02  8.43000E+02  8.44556E+02  8.46111E+02  8.47667E+02  8.49222E+02  8.50778E+02  8.52333E+02  8.53889E+02  8.55444E+02  8.57000E+02
x00204042                    O2      4    8.73600E-03  9.98864E-03  1.02722E-02  1.02081E-02  1.01445E-02  1.00817E-02  1.00195E-02  9.95799E-03  9.89726E-03  9.83727E-03  9.77806E-03  9.71964E-03
->                           ->     ->          T / K  9.00000E+02  8.93000E+02  8.94556E+02  8.96111E+02  8.97667E+02  8.99222E+02  9.00778E+02  9.02333E+02  9.03889E+02  9.05444E+02  9.07000E+02
x00204042                    O2      5    7.87200E-03  8.46436E-03  8.64211E-03  8.60158E-03  8.56165E-03  8.52231E-03  8.48354E-03  8.44533E-03  8.40766E-03  8.37052E-03  8.33390E-03  8.29779E-03
->                           ->     ->          T / K  9.50000E+02  9.43000E+02  9.44556E+02  9.46111E+02  9.47667E+02  9.49222E+02  9.50778E+02  9.52333E+02  9.53889E+02  9.55444E+02  9.57000E+02
x00204042                    O2      6    7.58400E-03  7.51007E-03  7.62163E-03  7.59599E-03  7.57083E-03  7.54616E-03  7.52198E-03  7.49829E-03  7.47509E-03  7.45239E-03  7.43019E-03  7.40848E-03
->                           ->     ->          T / K  1.00000E+03  9.93000E+02  9.94556E+02  9.96111E+02  9.97667E+02  9.99222E+02  1.00078E+03  1.00233E+03  1.00389E+03  1.00544E+03  1.00700E+03
x00204042                    O2      7    7.10400E-03  7.00117E-03  7.04973E-03  7.03834E-03  7.02730E-03  7.01660E-03  7.00623E-03  6.99621E-03  6.98648E-03  6.97705E-03  6.96791E-03  6.95906E-03
->                           ->     ->          T / K  1.05000E+03  1.04300E+03  1.04456E+03  1.04611E+03  1.04767E+03  1.04922E+03  1.05078E+03  1.05233E+03  1.05389E+03  1.05544E+03  1.05700E+03
x00204042                    O2      8    6.72000E-03  6.80723E-03  6.82510E-03  6.82091E-03  6.81685E-03  6.81291E-03  6.80909E-03  6.80540E-03  6.80181E-03  6.79834E-03  6.79497E-03  6.79171E-03
->                           ->     ->          T / K  1.10000E+03  1.09300E+03  1.09456E+03  1.09611E+03  1.09767E+03  1.09922E+03  1.10078E+03  1.10233E+03  1.10389E+03  1.10544E+03  1.10700E+03
x00204042                    O2      9    6.52800E-03  6.73755E-03  6.74424E-03  6.74267E-03  6.74114E-03  6.73967E-03  6.73825E-03  6.73687E-03  6.73553E-03  6.73424E-03  6.73299E-03  6.73178E-03
->                           ->     ->          T / K  1.15000E+03  1.14300E+03  1.14456E+03  1.14611E+03  1.14767E+03  1.14922E+03  1.15078E+03  1.15233E+03  1.15389E+03  1.15544E+03  1.15700E+03
x00204042                    O2     10    6.52800E-03  6.71657E-03  6.71851E-03  6.71804E-03  6.71759E-03  6.71717E-03  6.71676E-03  6.71639E-03  6.71603E-03  6.71569E-03  6.71538E-03  6.71508E-03
->                           ->     ->          T / K  1.20000E+03  1.19300E+03  1.19456E+03  1.19611E+03  1.19767E+03  1.19922E+03  1.20078E+03  1.20233E+03  1.20389E+03  1.20544E+03  1.20700E+03
x00204042                    O2     11    6.52800E-03  6.71869E-03  6.71799E-03  6.71812E-03  6.71827E-03  6.71843E-03  6.71860E-03  6.71879E-03  6.71899E-03  6.71921E-03  6.71944E-03  6.71968E-03
->                           ->     ->          T / K  1.25000E+03  1.24300E+03  1.24456E+03  1.24611E+03  1.24767E+03  1.24922E+03  1.25078E+03  1.25233E+03  1.25389E+03  1.25544E+03  1.25700E+03
x00204042                    O2     12    6.52800E-03  6.73666E-03  6.73410E-03  6.73465E-03  6.73521E-03  6.73578E-03  6.73637E-03  6.73696E-03  6.73756E-03  6.73818E-03  6.73880E-03  6.73944E-03
->                           ->     ->          T / K  1.30000E+03  1.29300E+03  1.29456E+03  1.29611E+03  1.29767E+03  1.29922E+03  1.30078E+03  1.30233E+03  1.30389E+03  1.30544E+03  1.30700E+03
x00204042                    O2     13    6.52800E-03  6.76572E-03  6.76166E-03  6.76254E-03  6.76344E-03  6.76434E-03  6.76526E-03  6.76618E-03  6.76711E-03  6.76805E-03  6.76900E-03  6.76996E-03
->                           ->     ->          T / K  1.35000E+03  1.34300E+03  1.34456E+03  1.34611E+03  1.34767E+03  1.34922E+03  1.35078E+03  1.35233E+03  1.35389E+03  1.35544E+03  1.35700E+03
x00204042                    O2     14    6.52800E-03  6.80771E-03  6.80227E-03  6.80347E-03  6.80467E-03  6.80588E-03  6.80710E-03  6.80833E-03  6.80956E-03  6.81081E-03  6.81206E-03  6.81332E-03
->                           ->     ->          T / K  6.00000E+02  5.93000E+02  5.94556E+02  5.96111E+02  5.97667E+02  5.99222E+02  6.00778E+02  6.02333E+02  6.03889E+02  6.05444E+02  6.07000E+02
x00204042                    CO      1    4.50000E-03  4.50000E-03  4.50000E-03  4.50000E-03  4.50000E-03  4.50000E-03  4.50000E-03  4.50000E-03  4.50000E-03  4.50000E-03  4.50000E-03  4.50000E-03
->                           ->     ->          T / K  7.00000E+02  6.93000E+02  6.94556E+02  6.96111E+02  6.97667E+02  6.99222E+02  7.00778E+02  7.02333E+02  7.03889E+02  7.05444E+02  7.07000E+02
x00204042                    CO      2    4.47900E-03  4.50000E-03  4.50000E-03  4.50000E-03  4.50000E-03  4.50000E-03  4.50000E-03  4.50000E-03  4.50000E-03  4.50000E-03  4.50000E-03  4.50000E-03
->                           ->     ->          T / K  8.00000E+02  7.93000E+02  7.94556E+02  7.96111E+02  7.97667E+02  7.99222E+02  8.00778E+02  8.02333E+02  8.03889E+02  8.05444E+02  8.07000E+02
x00204042                    CO      3    3.99800E-03  4.33945E-03  4.38230E-03  4.37349E-03  4.36429E-03  4.35469E-03  4.34465E-03  4.33414E-03  4.32316E-03  4.31165E-03  4.29961E-03  4.28701E-03
->                           ->     ->          T / K  8.50000E+02  8.43000E+02  8.44556E+02  8.46111E+02  8.47667E+02  8.49222E+02  8.50778E+02  8.52333E+02  8.53889E+02  8.55444E+02  8.57000E+02
x00204042                    CO      4    2.65700E-03  3.68906E-03  3.82616E-03  3.79683E-03  3.76684E-03  3.73619E-03  3.70492E-03  3.67305E-03  3.64060E-03  3.60762E-03  3.57411E-03  3.54012E-03
->                           ->     ->          T / K  9.00000E+02  8.93000E+02  8.94556E+02  8.96111E+02  8.97667E+02  8.99222E+02  9.00778E+02  9.02333E+02  9.03889E+02  9.05444E+02  9.07000E+02
x00204042                    CO      5    1.92100E-03  2.56366E-03  2.73376E-03  2.69594E-03  2.65812E-03  2.62032E-03  2.58254E-03  2.54479E-03  2.50709E-03  2.46943E-03  2.43183E-03  2.39429E-03
->                           ->     ->          T / K  9.50000E+02  9.43000E+02  9.44556E+02  9.46111E+02  9.47667E+02  9.49222E+02  9.50778E+02  9.52333E+02  9.53889E+02  9.55444E+02  9.57000E+02
x00204042                    CO      6    1.40000E-03  1.46487E-03  1.60987E-03  1.57691E-03  1.54435E-03  1.51222E-03  1.48054E-03  1.44931E-03  1.41855E-03  1.38828E-03  1.35851E-03  1.32926E-03
->                           ->     ->          T / K  1.00000E+03  9.93000E+02  9.94556E+02  9.96111E+02  9.97667E+02  9.99222E+02  1.00078E+03  1.00233E+03  1.00389E+03  1.00544E+03  1.00700E+03
x00204042                    CO      7    9.66000E-04  7.54134E-04  8.25613E-04  8.08909E-04  7.92682E-04  7.76921E-04  7.61617E-04  7.46812E-04  7.32389E-04  7.18393E-04  7.04812E-04  6.91636E-04
->                           ->     ->          T / K  1.05000E+03  1.04300E+03  1.04456E+03  1.04611E+03  1.04767E+03  1.04922E+03  1.05078E+03  1.05233E+03  1.05389E+03  1.05544E+03  1.05700E+03
x00204042                    CO      8    5.31000E-04  4.64807E-04  4.91807E-04  4.85468E-04  4.79328E-04  4.73380E-04  4.67619E-04  4.62038E-04  4.56633E-04  4.51397E-04  4.46327E-04  4.41416E-04
->                           ->     ->          T / K  1.10000E+03  1.09300E+03  1.09456E+03  1.09611E+03  1.09767E+03  1.09922E+03  1.10078E+03  1.10233E+03  1.10389E+03  1.10544E+03  1.10700E+03
x00204042                    CO      9    2.27000E-04  3.63545E-04  3.73023E-04  3.70781E-04  3.68618E-04  3.66533E-04  3.64522E-04  3.62586E-04  3.60721E-04  3.58925E-04  3.57198E-04  3.55537E-04
->                           ->     ->          T / K  1.15000E+03  1.14300E+03  1.14456E+03  1.14611E+03  1.14767E+03  1.14922E+03  1.15078E+03  1.15233E+03  1.15389E+03  1.15544E+03  1.15700E+03
x00204042                    CO     10    1.81000E-04  3.41017E-04  3.42672E-04  3.42235E-04  3.41839E-04  3.41481E-04  3.41163E-04  3.40882E-04  3.40638E-04  3.40432E-04  3.40262E-04  3.40127E-04
->                           ->     ->          T / K  1.20000E+03  1.19300E+03  1.19456E+03  1.19611E+03  1.19767E+03  1.19922E+03  1.20078E+03  1.20233E+03  1.20389E+03  1.20544E+03  1.20700E+03
x00204042                    CO     11    1.78000E-04  3.57830E-04  3.54891E-04  3.55499E-04  3.56133E-04  3.56793E-04  3.57478E-04  3.58188E-04  3.58923E-04  3.59683E-04  3.60466E-04  3.61274E-04
->                           ->     ->          T / K  1.25000E+03  1.24300E+03  1.24456E+03  1.24611E+03  1.24767E+03  1.24922E+03  1.25078E+03  1.25233E+03  1.25389E+03  1.25544E+03  1.25700E+03
x00204042                    CO     12    1.32000E-04  4.03336E-04  3.97002E-04  3.98375E-04  3.99767E-04  4.01180E-04  4.02612E-04  4.04064E-04  4.05536E-04  4.07027E-04  4.08537E-04  4.10067E-04
->                           ->     ->          T / K  1.30000E+03  1.29300E+03  1.29456E+03  1.29611E+03  1.29767E+03  1.29922E+03  1.30078E+03  1.30233E+03  1.30389E+03  1.30544E+03  1.30700E+03
x00204042                    CO     13    8.70000E-05  4.69602E-04  4.60428E-04  4.62437E-04  4.64462E-04  4.66505E-04  4.68566E-04  4.70643E-04  4.72737E-04  4.74849E-04  4.76977E-04  4.79122E-04
->                           ->     ->          T / K  1.35000E+03  1.34300E+03  1.34456E+03  1.34611E+03  1.34767E+03  1.34922E+03  1.35078E+03  1.35233E+03  1.35389E+03  1.35544E+03  1.35700E+03
x00204042                    CO     14    1.27000E-04  5.61346E-04  5.49472E-04  5.52083E-04  5.54709E-04  5.57352E-04  5.60011E-04  5.62686E-04  5.65376E-04  5.68083E-04  5.70806E-04  5.73544E-04
->                           ->     ->          T / K  6.00000E+02  5.93000E+02  5.94556E+02  5.96111E+02  5.97667E+02  5.99222E+02  6.00778E+02  6.02333E+02  6.03889E+02  6.05444E+02  6.07000E+02
x00204042                    H2      1    4.50000E-03  4.50000E-03  4.50000E-03  4.50000E-03  4.50000E-03  4.50000E-03  4.50000E-03  4.50000E-03  4.50000E-03  4.50000E-03  4.50000E-03  4.50000E-03
->                           ->     ->          T / K  7.00000E+02  6.93000E+02  6.94556E+02  6.96111E+02  6.97667E+02  6.99222E+02  7.00778E+02  7.02333E+02  7.03889E+02  7.05444E+02  7.07000E+02
x00204042                    H2      2    4.45700E-03  4.50000E-03  4.50000E-03  4.50000E-03  4.50000E-03  4.50000E-03  4.50000E-03  4.50000E-03  4.50000E-03  4.49999E-03  4.49999E-03  4.49999E-03
->                           ->     ->          T / K  8.00000E+02  7.93000E+02  7.94556E+02  7.96111E+02  7.97667E+02  7.99222E+02  8.00778E+02  8.02333E+02  8.03889E+02  8.05444E+02  8.07000E+02
x00204042                    H2      3    2.18600E-03  3.43042E-03  3.70983E-03  3.64947E-03  3.58803E-03  3.52562E-03  3.46234E-03  3.39832E-03  3.33366E-03  3.26847E-03  3.20287E-03  3.13696E-03
->                           ->     ->          T / K  8.50000E+02  8.43000E+02  8.44556E+02  8.46111E+02  8.47667E+02  8.49222E+02  8.50778E+02  8.52333E+02  8.53889E+02  8.55444E+02  8.57000E+02
x00204042                    H2      4    1.28600E-03  1.55199E-03  1.77078E-03  1.72014E-03  1.67065E-03  1.62231E-03  1.57514E-03  1.52912E-03  1.48427E-03  1.44057E-03  1.39802E-03  1.35660E-03
->                           ->     ->          T / K  9.00000E+02  8.93000E+02  8.94556E+02  8.96111E+02  8.97667E+02  8.99222E+02  9.00778E+02  9.02333E+02  9.03889E+02  9.05444E+02  9.07000E+02
x00204042                    H2      5    7.71000E-04  6.06911E-04  6.95930E-04  6.75130E-04  6.54928E-04  6.35305E-04  6.16240E-04  5.97716E-04  5.79714E-04  5.62219E-04  5.45213E-04  5.28682E-04
->                           ->     ->          T / K  9.50000E+02  9.43000E+02  9.44556E+02  9.46111E+02  9.47667E+02  9.49222E+02  9.50778E+02  9.52333E+02  9.53889E+02  9.55444E+02  9.57000E+02
x00204042                    H2      6    4.29000E-04  2.25303E-04  2.61522E-04  2.53015E-04  2.44775E-04  2.36795E-04  2.29071E-04  2.21597E-04  2.14366E-04  2.07374E-04  2.00615E-04  1.94083E-04
->                           ->     ->          T / K  1.00000E+03  9.93000E+02  9.94556E+02  9.96111E+02  9.97667E+02  9.99222E+02  1.00078E+03  1.00233E+03  1.00389E+03  1.00544E+03  1.00700E+03
x00204042                    H2      7    2.57000E-04  8.44994E-05  9.62250E-05  9.34449E-05  9.07678E-05  8.81896E-05  8.57064E-05  8.33192E-05  8.10152E-05  7.87957E-05  7.66574E-05  7.45970E-05
->                           ->     ->          T / K  1.05000E+03  1.04300E+03  1.04456E+03  1.04611E+03  1.04767E+03  1.04922E+03  1.05078E+03  1.05233E+03  1.05389E+03  1.05544E+03  1.05700E+03
x00204042                    H2      8    1.71000E-04  4.03093E-05  4.41930E-05  4.32806E-05  4.23973E-05  4.15420E-05  4.07137E-05  3.99112E-05  3.91336E-05  3.83800E-05  3.76493E-05  3.69409E-05
->                           ->     ->          T / K  1.10000E+03  1.09300E+03  1.09456E+03  1.09611E+03  1.09767E+03  1.09922E+03  1.10078E+03  1.10233E+03  1.10389E+03  1.10544E+03  1.10700E+03
x00204042                    H2      9    8.60000E-05  2.42986E-05  2.58966E-05  2.55257E-05  2.51641E-05  2.48114E-05  2.44674E-05  2.41318E-05  2.38043E-05  2.34846E-05  2.31726E-05  2.28680E-05
->                           ->     ->          T / K  1.15000E+03  1.14300E+03  1.14456E+03  1.14611E+03  1.14767E+03  1.14922E+03  1.15078E+03  1.15233E+03  1.15389E+03  1.15544E+03  1.15700E+03
x00204042                    H2     10    8.60000E-05  1.71834E-05  1.79841E-05  1.77998E-05  1.76192E-05  1.74423E-05  1.72689E-05  1.70989E-05  1.69322E-05  1.67689E-05  1.66087E-05  1.64516E-05
->                           ->     ->          T / K  1.20000E+03  1.19300E+03  1.19456E+03  1.19611E+03  1.19767E+03  1.19922E+03  1.20078E+03  1.20233E+03  1.20389E+03  1.20544E+03  1.20700E+03
x00204042                    H2     11    4.30000E-05  1.34425E-05  1.38906E-05  1.37879E-05  1.36870E-05  1.35879E-05  1.34906E-05  1.33949E-05  1.33009E-05  1.32086E-05  1.31178E-05  1.30287E-05
->                           ->     ->          T / K  1.25000E+03  1.24300E+03  1.24456E+03  1.24611E+03  1.24767E+03  1.24922E+03  1.25078E+03  1.25233E+03  1.25389E+03  1.25544E+03  1.25700E+03
x00204042                    H2     12    0.00000E+00  1.13901E-05  1.16544E-05  1.15939E-05  1.15344E-05  1.14760E-05  1.14185E-05  1.13619E-05  1.13064E-05  1.12517E-05  1.11980E-05  1.11451E-05
->                           ->     ->          T / K  1.30000E+03  1.29300E+03  1.29456E+03  1.29611E+03  1.29767E+03  1.29922E+03  1.30078E+03  1.30233E+03  1.30389E+03  1.30544E+03  1.30700E+03
x00204042                    H2     13    0.00000E+00  1.02062E-05  1.03619E-05  1.03262E-05  1.02912E-05  1.02568E-05  1.02229E-05  1.01897E-05  1.01570E-05  1.01250E-05  1.00934E-05  1.00625E-05
->                           ->     ->          T / K  1.35000E+03  1.34300E+03  1.34456E+03  1.34611E+03  1.34767E+03  1.34922E+03  1.35078E+03  1.35233E+03  1.35389E+03  1.35544E+03  1.35700E+03
x00204042                    H2     14    0.00000E+00  9.68237E-06  9.77015E-06  9.74994E-06  9.73014E-06  9.71073E-06  9.69173E-06  9.67311E-06  9.65487E-06  9.63702E-06  9.61954E-06  9.60243E-06